skeleton.png
size:4345,4345
filter:Linear,Linear
pma:true
11
bounds:1047,1494,1383,868
offsets:745,107,3000,3000
13
bounds:2157,210,305,674
offsets:1602,0,3000,3000
rotate:90
14
bounds:3583,2863,1480,749
offsets:292,1563,3000,3000
rotate:90
15
bounds:742,194,909,209
offsets:1080,1330,3000,3000
16
bounds:3032,514,859,328
offsets:1020,1161,3000,3000
rotate:90
17
bounds:2621,2745,960,1598
offsets:525,307,3000,3000
18
bounds:2,558,1043,1804
offsets:1619,252,3000,3000
19
bounds:2,12,544,738
offsets:536,1949,3000,3000
rotate:90
2
bounds:2157,517,873,856
offsets:818,1240,3000,3000
20
bounds:3583,2463,398,688
offsets:956,2137,3000,3000
rotate:90
3
bounds:2,2364,2617,1979
offsets:25,1021,3000,3000
4
bounds:2621,2176,941,567
offsets:1013,930,3000,3000
5
bounds:3362,601,743,780
offsets:800,151,3000,3000
6
bounds:3336,1383,738,791
offsets:800,151,3000,3000
7
bounds:2432,1375,902,799
offsets:800,151,3000,3000
8
bounds:1047,405,1087,1108
offsets:745,107,3000,3000
rotate:90
9
bounds:3362,2,606,597
offsets:1615,1123,3000,3000

skeleton_2.png
size:1117,1117
filter:Linear,Linear
pma:true
1
bounds:510,585,594,530
offsets:1097,1526,3000,3000
10
bounds:2,2,615,484
offsets:716,769,3000,3000
12
bounds:2,488,506,627
offsets:1001,64,3000,3000
