skeleton.png
size:4069,4069
filter:Linear,Linear
pma:true
1
bounds:2,1665,2370,2402
offsets:172,598,3000,3000
10
bounds:1776,65,960,1598
offsets:462,270,3000,3000
2
bounds:3419,2307,561,454
offsets:1339,937,3000,3000
3
bounds:2738,38,1329,741
offsets:1500,1120,3000,3000
4
bounds:2738,781,1480,721
offsets:133,1579,3000,3000
rotate:90
5
bounds:3461,1583,544,722
offsets:462,1948,3000,3000
6
bounds:3461,897,390,684
offsets:884,2119,3000,3000
7
bounds:2,138,1772,1525
offsets:530,446,3000,3000
8
bounds:3419,2763,1304,615
offsets:530,65,3000,3000
rotate:90
9
bounds:2374,2263,1043,1804
offsets:1533,271,3000,3000
