skeleton.png
size:3580,3580
filter:Linear,Linear
pma:true
1
bounds:3196,1362,309,728
offsets:1804,1449,3000,3000
10
bounds:2,279,1572,777
offsets:1065,2223,3000,3000
2
bounds:2108,2092,1486,1320
offsets:639,1389,3000,3000
rotate:90
3
bounds:3203,747,375,613
offsets:798,1195,3000,3000
4
bounds:2615,43,528,482
offsets:975,936,3000,3000
5
bounds:2,1058,2104,2520
offsets:99,468,3000,3000
6
bounds:2108,527,1093,691
offsets:1310,430,3000,3000
7
bounds:1576,425,425,631
offsets:1390,4,3000,3000
8
bounds:2003,81,610,444
offsets:1854,443,3000,3000
9
bounds:2108,1220,870,1086
offsets:1669,1206,3000,3000
rotate:90
