skeleton.png
size:4125,4125
filter:Linear,Linear
pma:true
1
bounds:700,74,398,451
offsets:1654,2549,3000,3000
10
bounds:1847,2321,1010,1802
offsets:1764,158,3000,3000
11
bounds:2859,2381,1048,1742
offsets:301,163,3000,3000
2
bounds:2,2025,1843,2098
offsets:704,533,3000,3000
3
bounds:2315,2,925,898
offsets:489,1155,3000,3000
4
bounds:3351,278,720,915
offsets:1819,1367,3000,3000
5
bounds:2,527,1489,1496
offsets:221,1460,3000,3000
6
bounds:2315,902,1417,1034
offsets:704,227,3000,3000
rotate:90
7
bounds:1493,428,1595,820
offsets:704,227,3000,3000
rotate:90
8
bounds:2,36,696,489
offsets:1952,610,3000,3000
9
bounds:3351,1195,1184,573
offsets:704,56,3000,3000
rotate:90
