skeleton.png
size:3185,3185
filter:Linear,Linear
pma:true
1
bounds:2,1581,2923,1602
offsets:70,799,3000,3000
10
bounds:1842,10,750,627
offsets:253,887,3000,3000
2
bounds:1536,639,521,940
offsets:550,997,3000,3000
3
bounds:2,322,836,1257
offsets:1895,509,3000,3000
4
bounds:2,2,645,318
offsets:2355,989,3000,3000
5
bounds:2594,24,345,686
offsets:2259,1172,3000,3000
6
bounds:840,538,1041,694
offsets:322,1338,3000,3000
rotate:90
7
bounds:2594,712,429,867
offsets:691,1487,3000,3000
8
bounds:2059,799,343,780
offsets:1070,1538,3000,3000
9
bounds:840,37,1000,499
offsets:967,678,3000,3000
