skeleton.png
size:4265,4265
filter:Linear,Linear
pma:true
1
bounds:2041,1688,594,530
offsets:1097,1526,3000,3000
rotate:90
10
bounds:1555,1667,615,484
offsets:716,769,3000,3000
rotate:90
11
bounds:2621,1682,1383,868
offsets:745,107,3000,3000
12
bounds:1047,1655,506,627
offsets:1001,64,3000,3000
13
bounds:2136,1012,305,674
offsets:1602,0,3000,3000
14
bounds:2621,2552,1480,749
offsets:292,1563,3000,3000
15
bounds:4006,1641,909,209
offsets:1080,1330,3000,3000
rotate:90
16
bounds:692,148,859,328
offsets:1020,1161,3000,3000
17
bounds:2621,3303,960,1598
offsets:525,307,3000,3000
rotate:90
18
bounds:2,478,1043,1804
offsets:1619,252,3000,3000
19
bounds:3563,137,544,738
offsets:536,1949,3000,3000
2
bounds:2705,2,873,856
offsets:818,1240,3000,3000
rotate:90
20
bounds:2,78,398,688
offsets:956,2137,3000,3000
rotate:90
3
bounds:2,2284,2617,1979
offsets:25,1021,3000,3000
4
bounds:2136,69,941,567
offsets:1013,930,3000,3000
rotate:90
5
bounds:3042,877,902,803
offsets:800,151,3000,3000
8
bounds:1047,531,1087,1108
offsets:745,107,3000,3000
9
bounds:2443,1033,606,597
offsets:1615,1123,3000,3000
rotate:90
