skeleton.png
size:3886,3886
filter:Linear,Linear
pma:true
1
bounds:1047,2,409,545
offsets:105,2348,3000,3000
10
bounds:2197,41,506,627
offsets:1019,47,3000,3000
rotate:90
11
bounds:3122,672,305,674
offsets:1629,0,3000,3000
rotate:90
12
bounds:2,99,1043,1804
offsets:1651,257,3000,3000
13
bounds:2621,979,960,1598
offsets:555,313,3000,3000
2
bounds:3583,1812,765,246
offsets:1177,890,3000,3000
rotate:90
3
bounds:2621,2579,1076,1305
offsets:1080,148,3000,3000
4
bounds:2,1905,2617,1979
offsets:46,1021,3000,3000
5
bounds:1047,1158,1474,745
offsets:233,1593,3000,3000
6
bounds:1458,3,544,737
offsets:559,1967,3000,3000
rotate:90
7
bounds:2432,579,398,688
offsets:985,2147,3000,3000
rotate:90
8
bounds:3122,8,662,629
offsets:1256,626,3000,3000
rotate:90
9
bounds:1047,549,1383,607
offsets:834,405,3000,3000
